        Frequency / GHz                /real
----------------------------------------------------------------------
                       0                       5.9485741
                    0.15                              40
                     0.3                       33.915483
                    0.45                       18.998749
                     0.6                       6.6833963
                    0.75                       4.0420064
                     0.9                       2.9525076
                    1.05                       4.379139
                     1.2                       14.375807
                    1.35                       9.2799919
                     1.5                       11.585331
                    1.65                       11.352643
                     1.8                       2.4796199
                    1.95                       3.5175849
                     2.1                       6.6936597
                    2.25                       7.8024454
                     2.4                       8.8669999
                    2.55                       11.691786
                     2.7                       28.255474
                    2.85                       24.138998
                       3                       37.739151

